0
0.003375
0.0071875
0.0104688
0.0155625
0.0221249
0.0315313
0.0238125
0.014625
0.00040625
0.02525
0.0384376
0.0381874
0.0174063
0
0
0
0
0
3.125e-05
0.00040625
0.0075625
0.0209688
0.026875
0.0225625
0.00971875
0
0
0
0
0
0
0.0117188
0.015375
0.0228438
0.021375
0.0293438
0.0271562
0.0231562
0.0143437
0.00390625
0
0.00021875
0.00021875
0.00025
0.00246875
0.0286562
0.0338125
0.0329062
0.0154687
0.0118125
0.0101251
0.00375
0
6.25e-05
0.003625
0.0171563
0.0223437
0.035875
0.0419062
0.0430938
0.0345938
0.01975
0.0143125
0.01525
0.0119375
0.0145313
0.0230313
0.02525
0.024375
0.010625
0.006875
0
9.375e-05
0.00134375
0.00353125
0.00353125
0.0021875
6.25e-05
0.00046875
0.00046875
0.00046875
0.002625
0.00765625
0.0086875
0.0060625
0.00146875
0
0
0
0.00415625
0.0076875
0.010125
0.00675
0.0028125
0
0
0.0672813
0.0735938
0.0735938
0.0119375
0.0006875
0.011125
0.0430937
0.0427187
0.0340312
0.001
0.0532501
0.0810938
0.0804062
0.0489063
0.00334375
0.0164375
0.021625
0.022875
0.0291875
0.0294687
0.0291875
0.0187187
0.0109375
0.005
0.0008125
0.0107188
0.0139688
0.0201875
0.017375
0.0197813
0.030875
0.0284375
0.0253437
0.0199375
0.0148437
0.0144062
0.012625
0.0175625
0.0285312
0.0233438
0.0142188
0
0
0.00171875
0.00625
0.0312813
0.034
0.0310313
0.0065625
0
0.029125
0.091125
0.091125
0.0740937
0.00159375
0.0016875
0.00246875
0.0033125
0.00753125
0.0103125
0.010625
0.00728125
0.0061875
0.0181876
0.0257187
0.0298438
0.0170624
0.0104687
0
