0
0.0107188
0.0370938
0.0528438
0.0512188
0.0472187
0.0704687
0.0540938
0.04175
0.00075
0.01025
0.0284688
0.027875
0.01975
0
0
0
0
0
0
0.0011875
0.00740625
0.0169063
0.025
0.0206875
0.0120938
0
0
0
0
0
0
0.0250625
0.0319062
0.0365938
0.0289063
0.0514375
0.061625
0.0664375
0.0492812
0.0204063
0
3.125e-05
3.125e-05
3.125e-05
0.00121875
0.0215
0.026375
0.02575
0.0142188
0.0324375
0.0315312
0.0250938
0
0
0.00053125
0.0121875
0.0194687
0.0372813
0.0510938
0.0580312
0.0513125
0.0361875
0.028625
0.02825
0.0207188
0.0167188
0.0287188
0.0320625
0.0304687
0.0121875
0.00675
0
0
0.00075
0.00184375
0.00184375
0.00115625
0
0.00225
0.00225
0.00275
0.00259375
0.0105313
0.0123125
0.0101875
0.00284375
0
0
0
0.00503125
0.010875
0.0127812
0.008875
0.00265625
0
0
0.0455
0.0485937
0.0485937
0.00784375
0.00015625
0.005375
0.132438
0.132406
0.129469
0.0015
0.075
0.124313
0.123406
0.0839063
3.125e-05
0.00775
0.0105313
0.0122813
0.0085625
0.014625
0.0157813
0.0181875
0.0114062
0.006
0.00059375
0.01
0.0127812
0.019
0.016
0.0152812
0.0220625
0.0175937
0.0161875
0.013625
0.0128437
0.0128437
0.0152812
0.0245
0.0504687
0.0425625
0.031375
0
0
0
0.002625
0.02425
0.0268437
0.0254375
0.00509375
0
0.00340625
0.0730313
0.0730313
0.0726563
0
0
0
0.00015625
0.000375
0.004625
0.009375
0.010375
0.0063125
0.00834375
0.0129375
0.0181875
0.0115312
0.0080625
0
