0
0.0180937
0.0511563
0.0708125
0.0634375
0.056125
0.0561875
0.0360938
0.0224375
9.375e-05
0.0101875
0.02225
0.02225
0.0134375
0
0
0
0
0
0
0.001375
0.00928125
0.0267812
0.0310312
0.0243438
0.010125
0
0
0
0
0
0
0.0198125
0.027375
0.0326875
0.0270625
0.0455625
0.0501875
0.0509688
0.03575
0.0103125
0
0
0
0
0.0001875
0.0198125
0.0242188
0.0244375
0.0129062
0.0420937
0.0414375
0.035125
0
0
0.0033125
0.0132187
0.0177812
0.0289688
0.0352813
0.0392187
0.0384375
0.0347187
0.0290313
0.0310937
0.018875
0.016625
0.02
0.02425
0.0238125
0.0134687
0.0100938
0
0
0.0004375
0.00121875
0.00121875
0.00078125
0
0.00084375
0.00084375
0.00084375
0
0.0050625
0.00840625
0.00840625
0.00396875
0
0
0
0.00690625
0.0134375
0.0156563
0.0105
0.0031875
0
0
0.0541875
0.0573437
0.0573437
0.007
0
0.00646875
0.167063
0.167063
0.16375
0
0.0940625
0.146781
0.146781
0.0980937
0.00115625
0.00740625
0.0095
0.0108437
0.009875
0.018375
0.0205938
0.0190312
0.0122813
0.00353125
0.00046875
0.009625
0.011375
0.018875
0.0178437
0.0201563
0.024625
0.0195
0.0187187
0.0225312
0.0190937
0.0181562
0.00915625
0.0207188
0.0469687
0.0429062
0.03275
0
0
0
0.0008125
0.00721875
0.0090625
0.00875
0.00278125
0
0.0148125
0.0914062
0.0914062
0.0833125
0
0
0
0.00025
0.00159375
0.0034375
0.00425
0.00290625
0.0015625
0.00903125
0.0191562
0.02725
0.0203125
0.0154687
0
