0
0.003875
0.006875
0.0114687
0.0208438
0.0352188
0.0509688
0.0400625
0.023375
0.00021875
0.0079375
0.0244375
0.0242813
0.0182187
0
0
0
0
0
0
0.00028125
0.0095
0.0226562
0.0269375
0.0213125
0.007
0
0
0
0
0
0
0.0135625
0.0184062
0.023875
0.0238125
0.03325
0.0304062
0.0246875
0.0142188
0.00428125
0
0
0
0
0.0004375
0.0180625
0.0205313
0.020375
0.00465625
0.00378125
0.00303125
0.001875
0
0
0.0035
0.0121875
0.0181562
0.0394062
0.0539688
0.0562187
0.0434375
0.0195
0.0106875
0.0130312
0.0100938
0.0128437
0.0214688
0.0242813
0.0263125
0.011875
0.0078125
0
0
0.0004375
0.00059375
0.00059375
0.00015625
0
0.0003125
0.0003125
0.0003125
0.00165625
0.00903125
0.01
0.0084375
0.0013125
0
0
0
0.00515625
0.00975
0.01125
0.007125
0.00165625
0
0
0.065125
0.0713125
0.0713125
0.00996875
0.0001875
0.0041875
0.0340937
0.0340625
0.0310937
0.00128125
0.0914375
0.15225
0.151906
0.107594
0.00084375
0.00828125
0.0110625
0.0120313
0.0095
0.013625
0.017375
0.0182187
0.01275
0.00484375
0.0005
0.00809375
0.0100313
0.01775
0.0163125
0.019625
0.0209375
0.0178125
0.0143438
0.0135
0.011375
0.0100313
0.00734375
0.023875
0.0562812
0.0535938
0.03875
0
0
0.000125
0.0015625
0.02125
0.0230937
0.0217187
0.0039375
0
0.0112812
0.0868125
0.0868125
0.0816875
0
0
0
0.000375
0.003125
0.005625
0.0055
0.00303125
0.0015
0.017625
0.0276875
0.0349687
0.0212813
0.014375
0
