0
0.0145938
0.04625
0.0652188
0.06225
0.052875
0.0545313
0.03375
0.0214375
0
0.0110937
0.024125
0.024125
0.014
0
0
0
0
0
0
0.0014375
0.0075
0.0273438
0.0332187
0.0288438
0.0123125
0
0
0
0
0
0
0.0193125
0.0264062
0.0314062
0.0270312
0.04375
0.048
0.048625
0.0331562
0.010125
0
3.125e-05
3.125e-05
3.125e-05
0.00065625
0.0199375
0.022875
0.0226875
0.00965625
0.0449063
0.0446563
0.0395625
0
0
0.001875
0.0108125
0.0150937
0.0247188
0.0336875
0.0402812
0.0404687
0.0341875
0.02625
0.028375
0.0182187
0.0174688
0.0213125
0.0242188
0.0236875
0.011875
0.00940625
0
0
0.00028125
0.00125
0.00125
0.00103125
0
0.00071875
0.00071875
0.00071875
0
0.00465625
0.00803125
0.00803125
0.0046875
0
0
0
0.007
0.0131562
0.0154062
0.00946875
0.00271875
0
0
0.048125
0.0517813
0.0517813
0.00575
0
0.00546875
0.16025
0.16025
0.157312
0
0.108031
0.226875
0.30525
0.293406
0.214406
0.0695937
0.0358438
0.018125
0.0078125
0.0041875
0.00371875
0.00075
0.00559375
0.041125
0.0793125
0.0785625
0.0647812
0.0129687
0.0093125
0.0054375
0.00215625
0
0.0136875
0.0213438
0.0225625
0.0130937
0.00778125
0.00978125
0.0135937
0.0142188
0.0126875
0.0091875
0.00959375
0.0085625
0.0164375
0.035125
0.0324062
0.0264687
0
0
0
0.0053125
0.00834375
0.008875
0.003875
0.00109375
0
0.0169063
0.0731563
0.0731563
0.0620313
0
3.125e-05
0.0005
0.00053125
0.00125
0.0041875
0.00428125
0.00378125
0.0013125
0.00953125
0.032125
0.0461875
0.0406562
0.0279063
0
