0
0.012125
0.0391562
0.0558125
0.0535313
0.0504375
0.06875
0.0518125
0.0379063
0.0004375
0.012
0.0288438
0.0286875
0.0182812
0
0
0
0
0
0
0.002
0.0075
0.017625
0.0231875
0.0182187
0.00990625
0
0
0
0
0
0
0.0248125
0.0318125
0.0368438
0.0307812
0.0535
0.0654062
0.0680937
0.0485
0.01775
0
6.25e-05
6.25e-05
0.00028125
0.00175
0.0228125
0.0265
0.026375
0.0137188
0.0325
0.0317812
0.0250313
0
0
0.0004375
0.00909375
0.0167813
0.0367813
0.0522188
0.061875
0.0552187
0.040375
0.0299062
0.028125
0.0197188
0.0161875
0.0288125
0.0312812
0.0306875
0.01175
0.00753125
0
0
0.00084375
0.0030625
0.0030625
0.00234375
0
0.0018125
0.0018125
0.0024375
0.00196875
0.00959375
0.0112812
0.0094375
0.0025625
0
0
0
0.00603125
0.0098125
0.0114375
0.00603125
0.002
0
0
0.04825
0.0509375
0.0509375
0.00784375
6.25e-05
0.004875
0.123844
0.123813
0.120625
0.0008125
0.0842187
0.191594
0.265219
0.249562
0.195937
0.0642812
0.03725
0.0220937
0.00959375
0.0059375
0.004375
0
0.0033125
0.0306562
0.0605625
0.061625
0.0492187
0.0173125
0.0123438
0.0076875
0.00190625
0
0.008625
0.012875
0.0150625
0.0135937
0.0154687
0.0179375
0.01975
0.0214063
0.0190312
0.0164375
0.0114375
0.0120938
0.0206563
0.0468438
0.0428437
0.0355313
0
0
9.375e-05
0.003875
0.00765625
0.0085
0.005125
0.00096875
0.000375
0.020125
0.0564375
0.0562812
0.0413125
0
0.000125
0.000625
0.0006875
0.00190625
0.005875
0.0058125
0.00471875
0.00190625
0.0133125
0.035875
0.0510313
0.0428437
0.030375
0
