0
0.0045625
0.0085
0.0122187
0.0146251
0.0216875
0.0320625
0.0248438
0.0157499
0.00071875
0.0253437
0.0375
0.037125
0.0165
0
0
0
0
0
0.000125
0.0005625
0.009625
0.0243437
0.0318437
0.0269063
0.0118125
0
0
0
0
0
0
0.0150313
0.0186563
0.0260313
0.0229375
0.0301875
0.0284062
0.0239375
0.01475
0.00521875
0
0.00015625
0.00015625
0.00015625
0.0021875
0.0319375
0.0380937
0.0378437
0.017375
0.0120938
0.01
0.0029375
0
0
0.0046875
0.0144687
0.0189376
0.0305937
0.0368438
0.0404376
0.0332812
0.021875
0.0164063
0.01675
0.0145624
0.0154375
0.02
0.0225
0.0231562
0.0105
0.006625
0
3.125e-05
0.001125
0.00240625
0.00240625
0.001375
0.0003125
0.0008125
0.0008125
0.0009375
0.00290625
0.0093125
0.0102188
0.0074375
0.0015
0
0
0
0.004125
0.00740625
0.00921875
0.005625
0.0020625
0
0
0.0723437
0.0782188
0.0782188
0.0118125
0.0004375
0.0113749
0.04425
0.0439062
0.0352813
0.00140625
0.0544688
0.0927812
0.108406
0.0829375
0.0415
0.0250938
0.0224375
0.0180312
0.0084375
0.00521875
0.00290625
0.0015
0.00653125
0.0134688
0.0173438
0.0138438
0.0086875
0.0117813
0.0121251
0.0109999
0.0023125
0.00046875
0.00946875
0.0174063
0.0190626
0.0167813
0.00859375
0.00678125
0.00459375
0.0170937
0.0185313
0.0204375
0.0110937
0.00775
0.0105
0.0299063
0.0287188
0.0243438
0
0
0.00015625
0.0100313
0.01475
0.01525
0.00646875
0.001
3.125e-05
0.0372812
0.067875
0.067875
0.0406249
0
0.0013125
0.00334375
0.00396875
0.00475
0.0039375
0.003375
0.0015
0.0019375
0.0041875
0.015125
0.0328437
0.0313751
0.0236874
0
