0
0.00309375
0.00571875
0.0104375
0.0182188
0.0332501
0.0514375
0.0410625
0.0254063
6.25e-05
0.00784375
0.0254375
0.025375
0.0190312
0
0
0
0
0
0
0.0004375
0.00815625
0.0197188
0.0234062
0.0193437
0.00546875
0
0
0
0
0
0
0.0111563
0.0169688
0.0215938
0.0222187
0.032625
0.0313125
0.0273438
0.0155937
0.0048125
0
0
0
0
0.00040625
0.0176563
0.0208125
0.0205626
0.00515625
0.0039375
0.003375
0.0026875
0
0
0.00334375
0.0125938
0.0193437
0.0412187
0.0591874
0.0593438
0.0470625
0.0192813
0.0110625
0.0150937
0.0124376
0.0127813
0.0224688
0.0268437
0.0294063
0.0137188
0.00921875
0
0
0.00034375
0.00040625
0.00040625
6.25e-05
0
0.00071875
0.00071875
0.00071875
0.00134375
0.00784375
0.00853125
0.0073125
0.0011875
0
0
0
0.003875
0.00909375
0.0110937
0.0078125
0.00240625
0
0
0.0709688
0.0758438
0.0758438
0.0095625
0.00015625
0.003875
0.0370625
0.0369687
0.0345312
0.00109375
0.101375
0.191687
0.208594
0.162969
0.0614374
0.0354063
0.0291875
0.0203125
0.0070625
0.00296875
0.00146875
0.00040625
0.00271875
0.0124375
0.0155937
0.0148437
0.00984375
0.0159063
0.017
0.0153438
0.0031875
0.00015625
0.00853125
0.020375
0.0219376
0.0160938
0.00578125
0.00359375
0.004
0.0144375
0.0165938
0.015875
0.0053125
0.00303125
0.007
0.0326874
0.0315937
0.0285001
0
0
6.25e-05
0.0089375
0.0111251
0.0112501
0.00375
0.0004375
0
0.0197813
0.0594375
0.0594375
0.0455313
0
0.00015625
0.0008125
0.00096875
0.00203125
0.00259375
0.00209375
0.0010625
0.00103125
0.0055625
0.0203125
0.050375
0.0483126
0.0389375
0
