0.005
0.137
0.081
0.064
0.062
0.112
0.123
0.151
0.100
0.048
0.028
0.007
0.021
0.046
0.105
0.118
0.007
0.007
0.067
0.128
0.009
0.052
0.007
0.116
0.069
0.042
0.092
0.017
0.005
0.008
0.110
0.007
0.005
0.007
0.129
0.047
0.111
0.063
0.106
0.114
0.037
0.015
0.030
0.009
0.098
0.029
0.146
0.010
0.145
0.022
0.067
0.025
0.029
0.039
0.157
0.006
0.040
0.007
0.068
0.019
0.059
0.040
0.052
0.034
0.046
0.027
0.022
0.034
0.024
0.029
0.027
0.051
0.032
0.009
0.009
0.084
0.004
0.040
0.061
0.026
0.004
0.111
0.026
0.045
0.004
0.054
0.016
0.070
0.012
0.002
0.003
0.003
0.038
0.073
0.045
0.041
0.010
0.003
0.005
0.033
0.017
0.035
0.028
0.004
0.083
0.016
0.012
0.094
0.004
0.035
0.066
0.117
0.118
0.108
0.125
0.133
0.126
0.119
0.137
0.122
0.009
0.120
0.046
0.123
0.031
0.114
0.137
0.021
0.073
0.063
0.007
0.065
0.108
0.032
0.122
0.123
0.090
0.125
0.125
0.132
0.133
0.136
0.198
0.171
0.058
0.111
0.040
0.009
0.069
0.009
0.140
0.135
0.136
0.137
0.136
0.010
0.091
0.163
0.150
0.050
0.009
0.200
0.080
0.203
0.171
0.181
0.207
0.145
0.098
0.156
0.095
0.082
0.155
