0.002
0.157
0.092
0.071
0.064
0.127
0.127
0.150
0.116
0.053
0.031
0.006
0.025
0.073
0.139
0.136
0.005
0.006
0.080
0.156
0.007
0.074
0.006
0.131
0.090
0.053
0.097
0.019
0.005
0.006
0.136
0.005
0.004
0.006
0.164
0.039
0.147
0.076
0.116
0.149
0.043
0.027
0.039
0.007
0.118
0.039
0.164
0.006
0.164
0.030
0.092
0.035
0.046
0.049
0.187
0.005
0.060
0.005
0.061
0.015
0.071
0.067
0.087
0.058
0.048
0.046
0.035
0.047
0.043
0.044
0.021
0.059
0.037
0.019
0.007
0.118
0.003
0.046
0.091
0.044
0.004
0.153
0.042
0.060
0.005
0.081
0.027
0.090
0.026
0.004
0.004
0.004
0.042
0.096
0.072
0.061
0.012
0.003
0.004
0.037
0.013
0.059
0.040
0.005
0.110
0.041
0.020
0.123
0.003
0.063
0.068
0.125
0.112
0.097
0.137
0.145
0.161
0.157
0.143
0.134
0.006
0.148
0.061
0.128
0.042
0.116
0.172
0.015
0.073
0.066
0.005
0.060
0.116
0.032
0.138
0.155
0.109
0.150
0.139
0.143
0.139
0.140
0.219
0.191
0.057
0.127
0.041
0.007
0.085
0.008
0.171
0.168
0.144
0.154
0.157
0.009
0.118
0.182
0.157
0.049
0.006
0.223
0.101
0.240
0.199
0.200
0.233
0.174
0.117
0.170
0.103
0.086
0.164
