  -0.0049047
  -0.0025709
  -0.0001496
   0.0007369
   0.0004241
  -0.0003423
   0.0000971
   0.0010690
  -0.0001553
  -0.0003112
  -0.0001372
  -0.0003685
  -0.0003894
  -0.0000655
  -0.0000739
  -0.0003101
  -0.0000835
   0.0004073
  -0.0024780
   0.0004350
  -0.0003526
   0.0007720
   0.0015582
   0.0000041
  -0.0000998
   0.0000771
  -0.0001893
  -0.0001658
   0.0000301
  -0.0004853
  -0.0005390
  -0.0001531
   0.0000297
  -0.0004371
  -0.0000404
   0.0000955
   0.0003290
  -0.0001446
  -0.0002092
   0.0001501
   0.0003503
   0.0038211
  -0.0019264
  -0.0011181
   0.0002205
   0.0015799
   0.0008960
   0.0004026
   0.0004004
  -0.0019423
  -0.0001029
  -0.0008415
  -0.0008114
   0.0003272
  -0.0000823
  -0.0003780
   0.0002953
   0.0001694
   0.0003946
   0.0006486
  -0.0000750
   0.0000620
  -0.0001118
   0.0001972
  -0.0082186
  -0.0013439
  -0.0066140
  -0.0023371
  -0.0018938
   0.0001644
  -0.0007645
  -0.0012561
  -0.0002781
  -0.0000430
  -0.0010535
   0.0002074
  -0.0003595
  -0.0004289
  -0.0001065
   0.0002771
   0.0000921
   0.0003953
  -0.0003484
  -0.0000936
  -0.0000818
   0.0002779
   0.0002987
   0.0088338
   0.0073530
   0.0049686
   0.0024090
   0.0012246
   0.0006234
  -0.0001396
   0.0000813
  -0.0005130
  -0.0007150
   0.0001351
  -0.0000238
  -0.0005884
   0.0001349
  -0.0000991
  -0.0001854
  -0.0000369
  -0.0000280
   0.0004662
   0.0001588
  -0.0000611
  -0.0123826
  -0.0037892
  -0.0018526
  -0.0033430
  -0.0026540
  -0.0014643
   0.0002125
  -0.0003699
  -0.0001454
   0.0000131
  -0.0004090
  -0.0001300
  -0.0001228
   0.0000821
   0.0001028
   0.0004817
  -0.0031371
  -0.0026563
  -0.0000207
  -0.0033665
  -0.0022239
   0.0000139
  -0.0005804
   0.0006399
   0.0003716
   0.0004344
  -0.0001380
  -0.0001615
  -0.0004675
   0.0000013
  -0.0001038
   0.0005167
   0.0002721
   0.0055175
   0.0066012
  -0.0034665
  -0.0048515
  -0.0013424
  -0.0016762
  -0.0014125
  -0.0004068
  -0.0003456
  -0.0000998
  -0.0002794
   0.0000012
  -0.0000605
   0.0002300
   0.0001240
   0.0002054
   0.0010112
   0.0007985
   0.0008179
   0.0001819
  -0.0002866
   0.0000728
  -0.0003402
  -0.0004087
  -0.0000096
  -0.0000742
  -0.0085509
  -0.0153521
  -0.0140480
   0.0003912
   0.0025028
   0.0010051
   0.0018255
   0.0004514
  -0.0000485
   0.0000778
   0.0000881
   0.0003890
   0.0004665
  -0.0001147
   0.0003341
   0.0001681
   0.0002975
  -0.0002319
   0.0002726
   0.0005684
   0.0001771
  -0.0024531
  -0.0059567
  -0.0023911
   0.0005558
  -0.0008706
  -0.0001690
  -0.0002204
  -0.0004038
  -0.0001102
   0.0005282
  -0.0000094
  -0.0000962
   0.0005149
   0.0002591
  -0.0001458
   0.0005673
   0.0003594
  -0.0001123
   0.0002683
   0.0003631
   0.0003096
  -0.0060461
   0.0000052
   0.0005411
  -0.0018363
  -0.0003682
   0.0002301
   0.0002382
   0.0004729
   0.0011784
   0.0003616
  -0.0000155
   0.0012391
   0.0007514
  -0.0003657
   0.0003134
   0.0001410
   0.0003798
  -0.0006376
  -0.0003723
  -0.0007230
  -0.0003325
  -0.0003578
  -0.0076817
   0.0006095
  -0.0020551
  -0.0003205
   0.0005080
   0.0009240
  -0.0000775
   0.0015573
   0.0004421
   0.0002482
   0.0002854
   0.0001808
  -0.0000176
   0.0001542
  -0.0000130
  -0.0002359
   0.0000588
  -0.0003550
   0.0001403
  -0.0000050
   0.0001696
   0.0001455
   0.0004824
   0.0002687
   0.0002714
   0.0008904
   0.0005559
   0.0007689
   0.0004802
   0.0005254
  -0.0001101
  -0.0004320
  -0.0003314
   0.0000227
  -0.0002571
  -0.0003562
  -0.0019742
   0.0027201
  -0.0025415
   0.0014670
   0.0016241
   0.0026998
  -0.0000356
   0.0002936
   0.0006864
  -0.0003525
  -0.0007243
  -0.0003992
  -0.0002895
  -0.0003830
  -0.0003602
  -0.0003343
   0.0002204
   0.0002460
   0.0001952
   0.0001791
   0.0001617
  -0.0024880
   0.0035974
   0.0045629
  -0.0000232
   0.0017489
  -0.0009435
  -0.0001400
   0.0007503
   0.0001433
   0.0009430
   0.0005671
   0.0003288
  -0.0002322
   0.0000223
  -0.0001858
   0.0001048
  -0.0000072
  -0.0000814
   0.0055994
   0.0028748
  -0.0009248
  -0.0002266
  -0.0000811
   0.0004986
   0.0007415
   0.0004416
  -0.0003731
  -0.0000760
   0.0001517
   0.0000979
   0.0000931
  -0.0001561
   0.0004131
   0.0003044
   0.0001370
   0.0006307
   0.0004692
  -0.0000453
   0.0006030
   0.0003841
  -0.0087036
   0.0004683
  -0.0005795
   0.0002755
   0.0002677
   0.0002998
   0.0007470
  -0.0001743
   0.0006215
   0.0002569
   0.0002963
  -0.0000825
  -0.0002890
  -0.0000827
   0.0000999
   0.0002258
   0.0002093
   0.0000736
   0.0003989
   0.0013556
   0.0024992
   0.0000137
   0.0009116
   0.0011249
   0.0009672
   0.0004647
   0.0005139
   0.0001458
   0.0000737
   0.0000346
   0.0002213
  -0.0004332
   0.0002290
   0.0000691
   0.0006187
  -0.0015871
  -0.0002655
   0.0000982
   0.0015256
   0.0010404
   0.0006669
  -0.0002362
  -0.0006508
  -0.0001506
   0.0003617
   0.0000918
   0.0004365
  -0.0001008
   0.0001776
   0.0002898
   0.0002532
   0.0000190
  -0.0004296
  -0.0004759
  -0.0011837
   0.0018711
   0.0068220
   0.0008595
   0.0013200
  -0.0006190
  -0.0006281
   0.0002493
   0.0002179
  -0.0000575
   0.0003295
   0.0006403
  -0.0000472
  -0.0000414
   0.0010631
   0.0097765
   0.0028865
  -0.0036691
   0.0004705
   0.0011077
  -0.0008293
  -0.0002301
   0.0003186
   0.0000482
   0.0001555
  -0.0000663
   0.0000338
  -0.0001048
   0.0001263
   0.0000494
  -0.0003754
   0.0000303
   0.0026766
  -0.0125956
  -0.0075340
  -0.0050121
  -0.0002436
  -0.0005986
   0.0005453
   0.0001084
   0.0009220
   0.0001051
   0.0003031
   0.0003458
   0.0001594
   0.0002408
   0.0000201
  -0.0000528
   0.0000135
   0.0004188
  -0.0045075
  -0.0022780
  -0.0011555
   0.0006908
   0.0000096
   0.0017151
  -0.0002858
   0.0002448
   0.0003719
   0.0002489
   0.0164747
   0.0046550
   0.0017751
   0.0034986
   0.0013599
  -0.0002156
  -0.0008314
   0.0004076
   0.0003390
   0.0000835
   0.0001203
  -0.0001611
   0.0006321
   0.0000919
   0.0001010
  -0.0002519
   0.0001462
   0.0001606
   0.0000581
  -0.0018463
  -0.0000493
  -0.0041978
   0.0033995
  -0.0000713
  -0.0005916
   0.0003518
   0.0005371
   0.0003196
   0.0007726
   0.0013419
   0.0065407
   0.0016385
   0.0008410
   0.0003602
   0.0003534
   0.0007905
  -0.0003874
   0.0011421
   0.0000219
  -0.0002541
  -0.0001204
   0.0000497
   0.0009212
   0.0002690
   0.0000713
  -0.0000161
   0.0000119
  -0.0046317
   0.0006520
   0.0007921
   0.0000090
   0.0000656
   0.0002451
   0.0002723
   0.0003628
   0.0068242
  -0.0007188
  -0.0000934
   0.0007243
   0.0003274
  -0.0003036
  -0.0002376
  -0.0001139
   0.0006026
  -0.0002021
   0.0003253
  -0.0000430
   0.0001758
   0.0002223
  -0.0002652
   0.0000229
  -0.0056113
  -0.0000941
   0.0010149
   0.0009372
   0.0002441
  -0.0006168
   0.0007406
   0.0010506
   0.0011014
   0.0005201
   0.0000416
   0.0001395
  -0.0001681
  -0.0003868
   0.0002228
   0.0002455
   0.0026948
  -0.0015448
   0.0022735
   0.0038233
   0.0021265
  -0.0003117
  -0.0012293
   0.0009757
  -0.0000698
   0.0005879
   0.0000254
  -0.0000438
  -0.0002838
   0.0001363
  -0.0001106
   0.0022270
   0.0056273
   0.0028599
   0.0031651
   0.0014121
  -0.0017281
  -0.0006382
   0.0004544
  -0.0007872
  -0.0000606
  -0.0010159
  -0.0002511
  -0.0001301
   0.0001243
  -0.0001461
   0.0000960
   0.0082616
   0.0012198
   0.0054092
   0.0034195
   0.0004496
   0.0018205
   0.0009899
  -0.0008069
  -0.0002152
  -0.0008810
  -0.0000672
   0.0002269
   0.0000689
   0.0001568
   0.0001581
   0.0003574
  -0.0011628
   0.0050758
  -0.0007133
  -0.0007552
   0.0005971
   0.0008869
  -0.0003662
   0.0007410
  -0.0003246
  -0.0000362
  -0.0002275
   0.0001429
  -0.0003907
   0.0002313
   0.0001938
   0.0001236
   0.0032467
   0.0014265
  -0.0005198
  -0.0003014
  -0.0000276
  -0.0006376
   0.0003045
   0.0000141
  -0.0001885
   0.0002547
   0.0001656
   0.0005474
  -0.0030547
   0.0013987
   0.0032126
  -0.0000426
   0.0007134
   0.0002881
   0.0000343
  -0.0004597
  -0.0002521
  -0.0000848
  -0.0006321
  -0.0002445
  -0.0003774
  -0.0000823
   0.0001083
   0.0056285
   0.0014043
  -0.0023535
   0.0003500
   0.0011352
   0.0000147
  -0.0007428
  -0.0005542
  -0.0002550
  -0.0002999
   0.0004013
   0.0001378
  -0.0001364
  -0.0005748
   0.0002289
   0.0003623
   0.0000188
   0.0003025
   0.0005047
   0.0063035
   0.0054087
   0.0017031
   0.0011056
  -0.0003898
  -0.0005325
   0.0000215
  -0.0000615
  -0.0000315
  -0.0001149
  -0.0004496
   0.0000412
  -0.0006931
  -0.0000865
  -0.0000889
   0.0008457
   0.0002075
   0.0036301
   0.0060168
   0.0012583
   0.0014074
   0.0011030
   0.0001567
  -0.0002844
   0.0002903
  -0.0002660
   0.0000615
  -0.0001852
  -0.0002490
   0.0002921
   0.0003233
  -0.0003197
   0.0001205
  -0.0079636
  -0.0018293
  -0.0006071
  -0.0000809
  -0.0002334
  -0.0013449
  -0.0011026
   0.0000258
   0.0004008
   0.0003399
  -0.0003206
  -0.0002401
  -0.0002777
   0.0005975
   0.0001269
   0.0002171
  -0.0003597
  -0.0000301
   0.0002766
   0.0002649
  -0.0000174
   0.0000678
   0.0004852
   0.0006889
  -0.0008635
  -0.0004864
  -0.0009628
  -0.0003720
  -0.0001630
  -0.0001793
  -0.0006520
  -0.0012615
   0.0000358
   0.0007816
   0.0002988
   0.0006274
  -0.0001980
   0.0003467
   0.0000144
   0.0002445
   0.0005361
   0.0001056
  -0.0021968
   0.0020858
  -0.0016119
  -0.0009871
  -0.0010905
  -0.0002028
  -0.0003156
  -0.0010426
  -0.0000468
  -0.0008184
   0.0005882
   0.0005594
   0.0002409
   0.0003964
   0.0001679
  -0.0000740
   0.0003790
   0.0000410
   0.0002742
   0.0007338
  -0.0002291
  -0.0015094
  -0.0003779
  -0.0001801
  -0.0010935
  -0.0000889
  -0.0007906
  -0.0007967
   0.0004322
   0.0002680
  -0.0002150
  -0.0000912
   0.0002511
   0.0000146
   0.0001378
  -0.0000360
   0.0012025
  -0.0015430
  -0.0022293
   0.0006307
   0.0002132
   0.0007979
  -0.0017460
  -0.0003150
  -0.0005004
  -0.0003852
   0.0000540
   0.0003498
   0.0001148
   0.0001683
   0.0004454
   0.0000465
  -0.0006227
   0.0003965
  -0.0005449
  -0.0008192
  -0.0007864
  -0.0003232
  -0.0007521
  -0.0003852
   0.0001209
   0.0008608
  -0.0001139
  -0.0000873
   0.0002062
   0.0002993
   0.0001791
   0.0003979
   0.0000574
   0.0006945
   0.0001678
   0.0000471
   0.0049048
  -0.0001127
  -0.0011649
  -0.0003009
   0.0004516
   0.0000552
  -0.0000622
   0.0000053
   0.0007914
   0.0002583
  -0.0000167
   0.0000596
   0.0002278
   0.0002778
   0.0038257
  -0.0032250
   0.0040492
   0.0048552
  -0.0009712
  -0.0004776
   0.0007442
   0.0017204
   0.0000124
   0.0003337
   0.0004826
   0.0000357
   0.0001044
   0.0001201
  -0.0001674
  -0.0043683
   0.0011680
   0.0037195
  -0.0012485
   0.0006364
   0.0015060
   0.0014082
  -0.0003357
   0.0000879
   0.0002220
   0.0000577
   0.0001475
  -0.0004254
  -0.0004509
  -0.0000866
   0.0041408
   0.0046576
   0.0022167
  -0.0006176
  -0.0000069
  -0.0010096
  -0.0007060
  -0.0007311
   0.0002797
   0.0000601
   0.0002151
   0.0001910
  -0.0000443
  -0.0001167
  -0.0000593
  -0.0001069
  -0.0070683
   0.0038024
  -0.0029741
  -0.0000595
  -0.0000605
  -0.0001113
  -0.0000087
  -0.0000355
   0.0004256
  -0.0001946
  -0.0005680
   0.0055770
   0.0034494
   0.0019727
   0.0009187
   0.0002750
   0.0003790
   0.0000526
   0.0000568
   0.0008386
   0.0001075
   0.0003674
  -0.0001187
   0.0001112
   0.0001861
   0.0001404
  -0.0001473
  -0.0001349
   0.0000785
  -0.0000392
   0.0000518
   0.0059399
   0.0011334
   0.0007357
   0.0007668
   0.0009036
   0.0010646
   0.0008241
   0.0002191
   0.0000831
   0.0003141
   0.0003355
   0.0005548
   0.0000317
   0.0000204
  -0.0001977
  -0.0003805
   0.0001654
   0.0002577
  -0.0025211
   0.0013339
  -0.0004092
   0.0003654
  -0.0005674
  -0.0007579
   0.0001872
   0.0001087
   0.0001077
   0.0001279
   0.0003169
   0.0001416
   0.0003241
  -0.0000915
  -0.0001931
  -0.0000591
   0.0004889
  -0.0000683
  -0.0003485
   0.0001471
  -0.0010816
  -0.0000822
  -0.0012202
  -0.0000323
  -0.0005397
  -0.0000365
   0.0003827
  -0.0003540
  -0.0008758
  -0.0003219
   0.0000501
   0.0000988
   0.0007596
  -0.0010433
  -0.0005707
   0.0000311
  -0.0002983
  -0.0000842
   0.0002220
   0.0001553
   0.0000536
  -0.0004739
  -0.0003284
   0.0043184
   0.0017315
   0.0043204
   0.0029367
   0.0022130
  -0.0005826
   0.0005020
   0.0000930
  -0.0003454
  -0.0006002
  -0.0005362
  -0.0009406
  -0.0009082
  -0.0002476
  -0.0001817
   0.0001464
  -0.0000053
   0.0003406
   0.0090198
  -0.0026329
   0.0002414
  -0.0003796
   0.0017536
   0.0001607
   0.0000949
  -0.0003930
  -0.0008037
  -0.0013973
  -0.0008904
  -0.0001864
   0.0000158
   0.0004751
   0.0000523
   0.0002541
   0.0000916
   0.0001347
   0.0002343
   0.0001943
  -0.0000280
  -0.0006588
  -0.0004979
  -0.0000864
   0.0002584
  -0.0078926
   0.0024152
   0.0003934
   0.0004564
   0.0004295
   0.0006019
  -0.0012871
  -0.0009787
  -0.0018103
   0.0008947
  -0.0003160
   0.0003930
   0.0005874
   0.0003009
   0.0002136
   0.0001277
   0.0001363
  -0.0000395
  -0.0000859
  -0.0001222
  -0.0000594
   0.0038688
   0.0036658
  -0.0024568
   0.0015887
   0.0007096
   0.0010146
   0.0001318
  -0.0000715
  -0.0007806
   0.0009912
  -0.0000116
   0.0005384
   0.0005398
   0.0003207
  -0.0000318
  -0.0003389
   0.0080028
   0.0061440
   0.0080256
   0.0047742
   0.0015924
   0.0001998
  -0.0003451
  -0.0002573
  -0.0003230
  -0.0005009
  -0.0006356
   0.0003025
   0.0004918
  -0.0001716
  -0.0007142
  -0.0003579
  -0.0000885
   0.0000918
  -0.0004430
  -0.0001704
  -0.0000245
  -0.0031410
   0.0101486
   0.0066611
   0.0039086
   0.0010562
  -0.0008289
  -0.0005712
  -0.0001700
  -0.0003141
   0.0009452
   0.0003703
   0.0001502
  -0.0000254
  -0.0001347
  -0.0000613
   0.0000421
   0.0001126
   0.0066142
   0.0122833
   0.0007470
  -0.0025944
  -0.0001273
   0.0002342
  -0.0000785
   0.0000333
   0.0005645
   0.0004023
   0.0003176
   0.0002793
   0.0005668
  -0.0001701
   0.0000567
   0.0002385
   0.0000922
   0.0000257
  -0.0003174
   0.0000836
   0.0003709
   0.0001178
   0.0110042
   0.0044770
  -0.0022479
   0.0000605
   0.0010512
  -0.0012071
   0.0004546
   0.0003770
  -0.0013655
   0.0004224
   0.0001258
   0.0001442
   0.0001141
   0.0000082
  -0.0000318
  -0.0005157
   0.0001537
  -0.0003488
  -0.0004052
  -0.0025206
  -0.0051081
   0.0007938
   0.0016173
  -0.0002296
  -0.0001497
  -0.0009058
  -0.0007072
   0.0000599
  -0.0002270
   0.0000473
   0.0008252
   0.0001405
   0.0000993
  -0.0001510
  -0.0004311
  -0.0033629
   0.0068148
   0.0032431
  -0.0004063
   0.0002320
   0.0007550
  -0.0004411
   0.0002653
   0.0006438
   0.0013616
   0.0004166
  -0.0004269
  -0.0003308
   0.0003193
   0.0003097
  -0.0006009
  -0.0004974
  -0.0003396
  -0.0003584
   0.0000247
  -0.0003298
   0.0101686
   0.0114831
   0.0039639
   0.0014013
   0.0009225
   0.0013895
  -0.0010170
  -0.0010033
  -0.0006110
   0.0000181
  -0.0013728
  -0.0005346
   0.0002304
   0.0004485
  -0.0000119
   0.0002054
  -0.0001878
  -0.0002134
   0.0000571
  -0.0004254
   0.0000053
   0.0252421
   0.0015532
   0.0004717
  -0.0022924
   0.0002625
  -0.0003419
  -0.0004634
   0.0004562
  -0.0001563
  -0.0005108
  -0.0001740
   0.0000649
  -0.0005550
   0.0001216
  -0.0003086
  -0.0013445
   0.0050478
  -0.0021629
  -0.0005799
  -0.0005925
  -0.0005681
  -0.0013163
  -0.0003405
  -0.0007477
  -0.0004955
  -0.0003112
  -0.0002842
  -0.0000569
  -0.0010639
  -0.0118165
  -0.0035958
  -0.0014767
  -0.0014749
  -0.0035403
  -0.0010531
  -0.0012284
  -0.0000142
   0.0002463
   0.0000171
  -0.0002678
  -0.0000260
  -0.0000702
  -0.0001591
  -0.0000810
   0.0003934
   0.0000872
  -0.0123429
  -0.0071856
   0.0047547
  -0.0001764
   0.0014750
  -0.0009138
   0.0012262
   0.0007826
   0.0003852
   0.0000613
   0.0000049
  -0.0000341
   0.0001181
  -0.0002126
  -0.0000908
  -0.0000821
  -0.0004865
   0.0000356
   0.0000387
  -0.0004688
  -0.0003872
   0.0005264
  -0.0019943
  -0.0009181
  -0.0009166
  -0.0005465
   0.0002544
   0.0001495
   0.0004566
  -0.0000843
  -0.0004467
   0.0032970
   0.0004230
  -0.0046438
   0.0000218
  -0.0005589
   0.0000439
  -0.0005487
   0.0004539
   0.0001231
  -0.0006089
  -0.0005419
  -0.0001266
   0.0000366
   0.0005845
  -0.0005644
  -0.0000806
   0.0003551
   0.0000406
  -0.0002621
   0.0084799
   0.0047531
   0.0009252
   0.0007433
   0.0000397
   0.0006322
   0.0006022
   0.0007155
  -0.0005110
  -0.0001026
   0.0000172
  -0.0000233
  -0.0003318
   0.0001027
   0.0000549
  -0.0000475
   0.0001454
   0.0004164
  -0.0002396
   0.0000428
  -0.0002920
   0.0003172
  -0.0053248
   0.0032364
   0.0010012
   0.0012951
  -0.0005168
  -0.0009666
  -0.0002838
  -0.0011451
  -0.0002442
   0.0004367
  -0.0003276
   0.0001034
   0.0001056
   0.0000269
   0.0003498
   0.0005610
   0.0005730
   0.0001610
   0.0032836
   0.0018163
   0.0021805
   0.0002027
   0.0002388
   0.0004536
  -0.0005996
  -0.0005363
   0.0000103
  -0.0004950
  -0.0001743
   0.0003251
   0.0006641
   0.0003520
   0.0002835
   0.0002691
   0.0009810
   0.0025553
   0.0011520
  -0.0023058
   0.0008179
  -0.0008728
   0.0005114
   0.0000590
  -0.0004630
   0.0000862
   0.0002438
   0.0002198
   0.0006022
  -0.0000376
   0.0000709
   0.0001222
   0.0031875
  -0.0028723
  -0.0047561
   0.0006361
  -0.0011838
  -0.0000139
  -0.0003692
  -0.0007335
   0.0003909
  -0.0001578
   0.0002352
   0.0002848
  -0.0001930
   0.0005206
  -0.0001996
  -0.0060592
  -0.0030428
   0.0001128
  -0.0007097
  -0.0004258
  -0.0005840
  -0.0005152
  -0.0001393
   0.0001593
   0.0006765
   0.0001160
   0.0004466
  -0.0000699
   0.0000119
   0.0000387
  -0.0004138
   0.0004655
   0.0001996
   0.0001652
   0.0000276
  -0.0032535
  -0.0003191
  -0.0002691
  -0.0007914
  -0.0005094
  -0.0000300
  -0.0002566
  -0.0003664
   0.0000112
   0.0003707
   0.0001303
  -0.0000319
  -0.0001988
  -0.0005817
   0.0000183
   0.0000681
  -0.0067796
   0.0003960
   0.0013074
  -0.0032060
  -0.0007646
  -0.0009360
   0.0004699
   0.0009365
  -0.0000513
  -0.0009742
  -0.0000092
  -0.0000355
  -0.0001997
   0.0002277
   0.0004211
   0.0001196
   0.0001551
  -0.0000342
   0.0007605
   0.0060399
   0.0016246
   0.0021263
  -0.0006804
   0.0006451
  -0.0003611
  -0.0006464
   0.0002505
   0.0000463
   0.0004076
   0.0036325
   0.0014301
   0.0004140
  -0.0009869
  -0.0016440
   0.0003205
  -0.0014652
  -0.0010233
  -0.0000361
  -0.0001490
   0.0004370
   0.0003506
   0.0003689
   0.0006281
  -0.0002097
  -0.0000964
   0.0002348
  -0.0000828
  -0.0016606
  -0.0034804
  -0.0043245
  -0.0022198
  -0.0009874
   0.0006246
   0.0008942
  -0.0000133
   0.0001127
   0.0004433
   0.0000793
   0.0010366
   0.0006414
  -0.0002021
  -0.0000960
  -0.0006871
   0.0000049
  -0.0001775
  -0.0001624
  -0.0002360
  -0.0001079
   0.0008221
  -0.0107808
  -0.0050405
  -0.0005162
   0.0002742
  -0.0006514
   0.0006291
   0.0000841
   0.0000598
   0.0004269
   0.0001076
   0.0001780
  -0.0003744
  -0.0005200
   0.0001168
  -0.0006323
  -0.0004631
  -0.0007547
  -0.0083018
  -0.0002801
  -0.0012535
   0.0016197
   0.0012060
   0.0006037
   0.0002961
   0.0009165
   0.0003772
   0.0004991
   0.0000491
   0.0000896
   0.0004106
  -0.0002269
  -0.0000595
  -0.0031170
   0.0011413
  -0.0010645
  -0.0012326
   0.0002508
   0.0002046
   0.0005028
  -0.0002268
   0.0006203
  -0.0081572
   0.0029744
   0.0002234
   0.0006012
   0.0006391
   0.0007634
   0.0011561
   0.0005911
   0.0003416
  -0.0002980
  -0.0000152
   0.0008385
  -0.0000147
  -0.0000298
  -0.0003213
  -0.0002180
  -0.0000680
  -0.0002728
   0.0115247
   0.0000398
   0.0002328
   0.0006669
  -0.0006149
   0.0003814
  -0.0001125
   0.0001886
   0.0019005
   0.0071249
  -0.0002573
   0.0000387
  -0.0003187
   0.0033676
   0.0015766
  -0.0015934
  -0.0004429
  -0.0006063
  -0.0019513
  -0.0014649
  -0.0003414
  -0.0011401
  -0.0010272
  -0.0007217
  -0.0003967
  -0.0003609
  -0.0001634
  -0.0002747
  -0.0026023
  -0.0003777
  -0.0013041
  -0.0019417
   0.0005775
   0.0049870
   0.0018084
  -0.0023904
  -0.0007831
  -0.0003278
  -0.0021143
  -0.0011758
  -0.0005944
  -0.0011442
  -0.0007833
  -0.0005681
   0.0000009
   0.0013190
  -0.0051122
   0.0006472
   0.0006779
   0.0044159
   0.0034779
  -0.0006671
  -0.0005167
  -0.0004516
  -0.0039371
  -0.0016285
  -0.0015876
  -0.0009374
  -0.0013395
  -0.0011905
  -0.0004115
  -0.0004572
  -0.0021027
   0.0065973
  -0.0005512
   0.0055337
   0.0011185
  -0.0010337
  -0.0023196
  -0.0001741
  -0.0067103
  -0.0015805
  -0.0019344
  -0.0015854
  -0.0013035
  -0.0008490
  -0.0001303
   0.0031877
  -0.0076129
   0.0020188
  -0.0011382
  -0.0033155
  -0.0007902
  -0.0060585
  -0.0011836
  -0.0012067
  -0.0005043
  -0.0002972
  -0.0005291
   0.0003010
  -0.0006005
   0.0086970
   0.0025631
   0.0013265
  -0.0006479
  -0.0149218
  -0.0028997
  -0.0019408
  -0.0022273
  -0.0013354
  -0.0015437
  -0.0004366
  -0.0004677
   0.0000281
  -0.0004100
  -0.0004992
  -0.0009476
  -0.0004051
  -0.0002859
   0.0003702
   0.0074703
  -0.0002037
   0.0011554
  -0.0127058
  -0.0025636
  -0.0016872
  -0.0014607
  -0.0009106
  -0.0009294
  -0.0005648
  -0.0001409
  -0.0005603
  -0.0023457
   0.0000525
  -0.0233627
  -0.0013602
  -0.0469590
  -0.0120333
  -0.0066039
  -0.0043084
  -0.0011447
  -0.0013123
  -0.0011654
  -0.0009503
   0.0005075
  -0.0003748
  -0.0004944
   0.0002782
  -0.0000514
   0.0000158
  -0.0003337
  -0.0006223
  -0.0005058
   0.0002066
   0.0000346
   0.0003203
   0.0083631
   0.1575609
  -0.3930978
  -0.4306662
  -0.1081675
  -0.0327847
  -0.0086651
  -0.0017260
  -0.0026549
  -0.0002091
  -0.0014249
  -0.0008314
  -0.0001448
  -0.0001448
   0.0003154
  -0.0002427
  -0.0000304
  -0.0005579
  -0.0003944
   0.0000409
   0.0003226
  -0.0792782
  -0.5315751
  -0.4344299
  -0.0571546
  -0.0135326
   0.0003703
  -0.0000674
   0.0017172
   0.0006568
   0.0001133
  -0.0000070
   0.0000752
  -0.1766000
  -0.2101459
  -0.0550562
  -0.0081815
   0.0065414
   0.0019668
   0.0016102
   0.0005411
   0.0001136
  -0.0012472
   0.0002235
   0.0001963
  -0.0000162
  -0.0002802
  -0.0006998
   0.0000706
  -0.0006950
  -0.1360715
  -0.1008573
  -0.0118942
  -0.0110936
  -0.0030570
  -0.0015217
  -0.0015663
  -0.0027433
  -0.0020129
  -0.0009084
  -0.0006681
  -0.0004214
  -0.0000667
  -0.0002592
   0.0002710
  -0.0005589
  -0.0000782
  -0.0005000
  -0.0002630
  -0.0003284
  -0.0005847
  -0.0065356
  -0.0000634
   0.0019239
  -0.0000577
   0.0007306
   0.0016796
   0.0009627
  -0.0000737
   0.0001562
  -0.0002193
  -0.0001085
  -0.0001608
  -0.0013037
  -0.0049315
  -0.0007214
   0.0034209
   0.0030310
   0.0011463
   0.0015690
   0.0012737
   0.0016007
   0.0010306
   0.0019952
   0.0005017
   0.0000798
   0.0006832
   0.0008886
   0.0010149
   0.0015881
  -0.0032844
   0.0042561
   0.0185365
   0.0243730
   0.0087151
   0.0014338
   0.0025471
  -0.0014185
  -0.0002593
  -0.0000718
   0.0002371
  -0.0002709
  -0.0010718
   0.0005261
  -0.0007002
   0.0001909
  -0.0002330
  -0.0001384
   0.0073124
   0.0292509
   0.0305930
   0.0061554
   0.0009309
  -0.0000793
  -0.0013646
   0.0009070
  -0.0001301
   0.0004629
   0.0006754
   0.0003336
   0.0003555
   0.0000203
   0.0000414
   0.0005261
   0.0227804
   0.0283462
   0.0024488
  -0.0002622
   0.0039290
   0.0034127
   0.0015874
   0.0012153
   0.0011897
   0.0009912
   0.0001878
   0.0009749
   0.0001808
  -0.0003258
   0.0005062
   0.0030943
  -0.0019241
  -0.0006161
  -0.0006916
  -0.0003138
   0.0007364
   0.0019522
   0.0035558
  -0.0004286
  -0.0011726
  -0.0000814
   0.0003412
  -0.0007945
   0.0002220
  -0.0002046
   0.0000170
  -0.0005301
   0.0005636
   0.0038922
  -0.0117852
  -0.0037355
  -0.0038779
   0.0016736
   0.0034806
   0.0005431
   0.0014243
  -0.0005988
   0.0000232
   0.0000556
  -0.0003323
   0.0003130
   0.0002545
  -0.0000803
  -0.0000888
  -0.0009801
   0.0006569
   0.0134499
  -0.0253668
   0.0019828
  -0.0048308
   0.0015314
  -0.0000778
   0.0015343
   0.0001617
   0.0009755
  -0.0001633
   0.0001930
   0.0003226
  -0.0004588
  -0.0052054
  -0.0583224
  -0.0218411
  -0.0079703
   0.0007019
  -0.0014969
   0.0000364
  -0.0015698
   0.0005381
  -0.0003489
   0.0000605
  -0.0003636
   0.0003028
   0.0001422
  -0.0006706
  -0.0204473
  -0.0329164
  -0.0240373
  -0.0051233
  -0.0035977
  -0.0036156
  -0.0008797
   0.0001428
  -0.0015571
  -0.0001116
   0.0006110
   0.0005675
  -0.0005302
  -0.0006401
  -0.0007352
  -0.0005503
  -0.0006375
   0.0000648
   0.0001656
   0.0003789
   0.0006216
   0.0000831
  -0.0001193
  -0.0112231
  -0.0350364
  -0.0026533
   0.0021154
  -0.0006117
   0.0004812
  -0.0013415
   0.0002903
  -0.0005073
  -0.0002763
   0.0004856
   0.0004060
  -0.0005229
  -0.0159541
  -0.0037263
   0.0047966
   0.0001212
   0.0009226
  -0.0001618
   0.0005562
  -0.0005809
  -0.0006813
   0.0006658
   0.0002161
  -0.0007610
  -0.0006815
  -0.0026618
   0.0031146
  -0.0031540
   0.0003640
  -0.0018644
   0.0007362
  -0.0002387
  -0.0004042
   0.0000783
   0.0000462
   0.0002276
  -0.0004273
   0.0002620
  -0.0056083
  -0.0055827
  -0.0013260
   0.0007297
  -0.0005658
   0.0001535
   0.0008801
  -0.0012517
  -0.0000837
  -0.0002385
  -0.0004136
  -0.0003474
  -0.0009209
  -0.0004624
   0.0002117
   0.0005567
  -0.0040433
  -0.0059921
  -0.0020086
   0.0018760
  -0.0006246
   0.0008890
  -0.0008897
   0.0007570
  -0.0001368
  -0.0003048
  -0.0008935
   0.0000943
  -0.0007346
   0.0004324
   0.0002681
  -0.0066615
  -0.0043024
  -0.0020005
  -0.0003031
  -0.0003236
  -0.0015300
  -0.0001009
   0.0001809
   0.0001942
  -0.0006872
   0.0009175
   0.0003724
  -0.0000038
   0.0083849
  -0.0013963
  -0.0074787
  -0.0007671
   0.0001941
  -0.0012532
   0.0000274
  -0.0007580
   0.0008669
  -0.0001010
   0.0000836
  -0.0000755
  -0.0000811
  -0.0066232
  -0.0007953
   0.0012140
  -0.0018579
  -0.0022840
  -0.0006967
   0.0005339
  -0.0003425
  -0.0003011
   0.0001639
  -0.0003777
  -0.0008534
   0.0002747
  -0.0041144
   0.0006067
  -0.0036994
  -0.0000050
  -0.0009742
  -0.0016457
  -0.0001655
   0.0006404
   0.0006000
   0.0006228
   0.0004420
   0.0008384
   0.0000047
  -0.0000030
  -0.0001131
  -0.0027951
  -0.0095835
   0.0003551
  -0.0004904
   0.0000439
   0.0002083
   0.0005223
  -0.0009128
   0.0003467
  -0.0002184
   0.0006158
   0.0002118
   0.0005266
   0.0032745
   0.0043574
   0.0017225
  -0.0011041
   0.0010312
   0.0017101
  -0.0001512
  -0.0003264
   0.0003771
  -0.0006405
   0.0003110
  -0.0011555
   0.0001059
  -0.0007125
  -0.0006833
   0.0025775
  -0.0024809
   0.0000062
  -0.0003699
   0.0012791
   0.0005508
   0.0003293
  -0.0004658
   0.0010159
   0.0002939
  -0.0006515
  -0.0003606
   0.0006885
   0.0000489
   0.0242861
   0.0044449
  -0.0008087
   0.0020972
   0.0004536
   0.0022545
  -0.0000292
   0.0006049
  -0.0001364
  -0.0003352
  -0.0006330
  -0.0003338
  -0.0001781
   0.0000731
   0.0002197
   0.0002219
  -0.0158037
   0.0033158
  -0.0017248
  -0.0005702
   0.0019930
  -0.0012973
  -0.0002220
   0.0005379
  -0.0006811
   0.0007150
  -0.0006421
   0.0003397
  -0.0000531
   0.0003051
  -0.0000474
   0.0032583
   0.0018475
  -0.0002394
   0.0035007
   0.0026598
  -0.0005183
   0.0000224
  -0.0004218
   0.0003190
  -0.0001376
  -0.0006647
   0.0003453
   0.0004227
  -0.0002456
  -0.0029933
  -0.0010735
   0.0025709
  -0.0003797
  -0.0005136
   0.0008896
  -0.0000675
   0.0005868
  -0.0006459
  -0.0006610
   0.0005978
   0.0008702
   0.0002613
   0.0009208
   0.0040514
  -0.0009580
   0.0021275
  -0.0021493
   0.0002672
  -0.0007698
   0.0005610
  -0.0004578
   0.0007404
  -0.0001384
   0.0007366
   0.0008311
  -0.0002323
  -0.0002004
   0.0005223
   0.0005689
   0.0123904
   0.0008085
   0.0034233
   0.0002580
   0.0007419
   0.0002494
   0.0003347
   0.0005705
   0.0004667
  -0.0005265
  -0.0001535
  -0.0001359
   0.0003223
  -0.0002122
  -0.0136630
   0.0022145
   0.0009049
   0.0030614
   0.0020274
   0.0006903
   0.0008640
   0.0001759
  -0.0003226
  -0.0006999
  -0.0002126
  -0.0003526
  -0.0003734
   0.0173779
  -0.0053372
  -0.0001593
   0.0014660
  -0.0009211
  -0.0007186
  -0.0001543
  -0.0006969
   0.0001339
   0.0003258
   0.0001259
  -0.0000571
  -0.0002405
  -0.0001055
  -0.0008268
   0.0000115
   0.0005054
   0.0000411
  -0.0002312
  -0.0005976
  -0.0016043
   0.0003317
   0.0003654
  -0.0000362
  -0.0002835
   0.0005656
   0.0008302
   0.0001356
   0.0006900
   0.0004400
   0.0002197
  -0.0002129
  -0.0002956
   0.0001283
  -0.0001444
  -0.0000959
  -0.0000540
  -0.0080675
  -0.0034849
  -0.0019921
   0.0017142
  -0.0004407
   0.0006848
   0.0010166
  -0.0003870
  -0.0001297
  -0.0001461
   0.0001074
  -0.0002867
  -0.0006700
  -0.0000431
   0.0001898
  -0.0002131
   0.0001240
  -0.0002610
   0.0000120
  -0.0000185
  -0.0123359
  -0.0120792
   0.0012219
   0.0015053
   0.0012742
   0.0012941
   0.0001682
  -0.0003502
  -0.0009327
  -0.0006911
  -0.0004848
   0.0005343
  -0.0006809
  -0.0001190
  -0.0004362
   0.0003259
  -0.0000651
   0.0001682
   0.0188113
   0.0058649
   0.0061895
   0.0035044
   0.0014298
   0.0007454
   0.0012992
  -0.0004157
  -0.0007547
  -0.0004991
   0.0003041
  -0.0008193
   0.0002544
  -0.0001257
   0.0000374
  -0.0001438
  -0.0001139
   0.0005751
   0.0096903
   0.0040355
   0.0047959
   0.0021758
   0.0000866
  -0.0005343
  -0.0011923
  -0.0006449
   0.0002391
   0.0003063
  -0.0005601
   0.0001218
   0.0001590
   0.0001788
   0.0003492
   0.0003577
   0.0001506
  -0.0001340
   0.0064472
  -0.0021202
   0.0021332
   0.0004532
   0.0013693
  -0.0004034
  -0.0005484
  -0.0005654
  -0.0005765
  -0.0007067
   0.0002002
  -0.0000474
   0.0004296
   0.0002507
   0.0000907
   0.0008692
   0.0000510
  -0.0001761
  -0.0002994
   0.0027998
  -0.0028016
   0.0000427
  -0.0005477
  -0.0003787
   0.0022216
  -0.0001068
  -0.0009504
  -0.0000802
   0.0004008
   0.0008063
   0.0005362
   0.0002359
   0.0002520
  -0.0000955
   0.0002207
  -0.0004608
   0.0032287
  -0.0074250
  -0.0012905
  -0.0019995
  -0.0012603
  -0.0001917
  -0.0022312
  -0.0004290
  -0.0007640
  -0.0000116
   0.0000053
   0.0003848
   0.0001530
   0.0004946
   0.0004093
   0.0002787
   0.0002039
  -0.0131122
  -0.0020561
  -0.0057587
  -0.0002733
   0.0021501
   0.0023642
  -0.0002850
  -0.0002183
   0.0009363
   0.0009760
  -0.0003070
   0.0004011
   0.0000061
   0.0001874
  -0.0004521
   0.0006718
   0.0000221
  -0.0003450
  -0.0002865
   0.0003297
  -0.0040407
   0.0016414
   0.0039994
   0.0001386
  -0.0002519
  -0.0001633
  -0.0003055
   0.0007156
  -0.0004004
   0.0007434
  -0.0004822
  -0.0000147
   0.0003301
  -0.0004547
  -0.0000981
   0.0000649
  -0.0004268
   0.0000767
   0.0001121
   0.0001008
   0.0002612
  -0.0031881
   0.0012819
   0.0017976
  -0.0009185
  -0.0000587
   0.0004712
  -0.0000428
   0.0002822
  -0.0003961
  -0.0003140
   0.0000494
   0.0001640
   0.0004163
   0.0014232
  -0.0052730
  -0.0060387
   0.0022982
  -0.0003616
  -0.0017469
   0.0013796
  -0.0019859
   0.0004081
  -0.0004904
   0.0000997
   0.0004997
   0.0001138
   0.0003613
  -0.0003715
  -0.0001574
   0.0002138
  -0.0000557
  -0.0002836
   0.0070044
   0.0143711
   0.0021903
   0.0002734
  -0.0010580
   0.0000662
  -0.0009892
   0.0006390
   0.0010101
  -0.0002063
   0.0011189
   0.0002483
  -0.0002427
  -0.0000212
  -0.0000825
   0.0001184
   0.0141630
   0.0065768
  -0.0013141
  -0.0001125
   0.0018912
  -0.0005582
   0.0017287
   0.0008011
  -0.0002016
   0.0015641
   0.0003871
  -0.0018059
  -0.0090669
  -0.0093589
   0.0009467
  -0.0011284
   0.0025744
   0.0006334
   0.0009444
   0.0002577
   0.0006983
   0.0001546
   0.0002374
   0.0001241
   0.0002492
   0.0002157
   0.0001762
   0.0002487
  -0.0008570
   0.0028078
   0.0046674
   0.0006541
   0.0008733
   0.0015249
  -0.0008382
   0.0007690
   0.0005019
   0.0004772
   0.0000378
  -0.0001550
   0.0001047
  -0.0006498
  -0.0011695
  -0.0003478
   0.0003512
   0.0004058
  -0.0000131
   0.0065455
   0.0109352
   0.0028756
   0.0024466
   0.0010571
  -0.0001685
  -0.0002564
   0.0003537
   0.0006129
   0.0007317
   0.0006994
   0.0003488
   0.0001346
   0.0001391
   0.0003713
   0.0002511
   0.0003476
   0.0000565
  -0.0066349
  -0.0011092
   0.0027283
   0.0017668
  -0.0012025
  -0.0017159
   0.0000921
   0.0002009
  -0.0001375
   0.0003615
  -0.0000096
   0.0002192
   0.0001529
  -0.0000805
   0.0007979
   0.0003137
  -0.0004696
   0.0015217
   0.0060619
   0.0071042
   0.0020028
   0.0009443
   0.0003882
   0.0001081
   0.0002808
  -0.0000583
   0.0004477
   0.0004742
   0.0002708
  -0.0003333
   0.0006847
   0.0004105
  -0.0002405
  -0.0004768
  -0.0016486
   0.0064192
   0.0045485
  -0.0010640
  -0.0007547
   0.0007371
  -0.0006300
  -0.0007884
  -0.0011950
  -0.0008144
  -0.0002353
  -0.0007033
  -0.0006054
   0.0005501
   0.0005610
  -0.0008390
  -0.0018660
  -0.0034370
   0.0004534
  -0.0000007
  -0.0020920
  -0.0006177
   0.0002881
  -0.0010852
   0.0000934
  -0.0001722
  -0.0000729
   0.0007075
   0.0005995
  -0.0000340
  -0.0002067
  -0.0001428
  -0.0001206
  -0.0064641
   0.0001589
  -0.0000126
   0.0015346
   0.0000004
   0.0000271
  -0.0007578
  -0.0001536
  -0.0002500
  -0.0002281
  -0.0000184
   0.0003491
   0.0001299
  -0.0004610
   0.0001530
  -0.0000249
   0.0126183
  -0.0015807
  -0.0025112
   0.0012683
  -0.0003957
  -0.0003651
  -0.0004598
  -0.0001215
   0.0009016
   0.0007156
  -0.0000302
  -0.0001495
  -0.0006034
  -0.0004464
  -0.0003554
   0.0000764
   0.0053997
   0.0009353
   0.0013572
   0.0002019
  -0.0024179
   0.0009857
  -0.0000393
   0.0016319
   0.0009510
   0.0001027
  -0.0000625
  -0.0005319
  -0.0001587
  -0.0004581
  -0.0004840
   0.0003435
   0.0005470
  -0.0061142
  -0.0056305
  -0.0015444
   0.0016231
   0.0013918
   0.0006799
   0.0006389
  -0.0001531
   0.0010503
   0.0000361
  -0.0002516
  -0.0002013
   0.0001811
  -0.0002281
  -0.0000306
   0.0002363
   0.0003334
  -0.0002070
  -0.0001275
   0.0000782
  -0.0032508
  -0.0008695
  -0.0003004
   0.0010020
   0.0003876
   0.0017346
   0.0001738
  -0.0005694
  -0.0004850
  -0.0000465
   0.0000138
  -0.0003155
   0.0002496
  -0.0003284
   0.0045642
   0.0034858
  -0.0006554
  -0.0002575
  -0.0011300
   0.0007297
  -0.0009549
  -0.0002549
   0.0001767
  -0.0000780
   0.0002949
   0.0003849
   0.0005294
   0.0002382
  -0.0088205
  -0.0013405
   0.0003023
  -0.0006724
   0.0004963
   0.0000428
  -0.0003345
  -0.0003890
  -0.0001824
  -0.0004858
   0.0000595
  -0.0003197
  -0.0008954
   0.0001218
   0.0007642
   0.0001133
   0.0001947
   0.0005290
   0.0020811
  -0.0005929
  -0.0021242
   0.0009395
  -0.0019659
  -0.0017865
  -0.0008809
  -0.0008160
   0.0000261
  -0.0011719
  -0.0000539
   0.0004219
   0.0001155
  -0.0002659
   0.0001116
   0.0003812
   0.0000268
   0.0004823
  -0.0024419
  -0.0030009
   0.0000631
  -0.0000026
  -0.0015926
  -0.0000464
   0.0000975
  -0.0001784
  -0.0008133
  -0.0003362
   0.0000098
   0.0001231
   0.0008791
   0.0002451
   0.0007682
   0.0000153
   0.0004923
   0.0019076
   0.0035850
  -0.0011707
   0.0011791
   0.0010061
  -0.0009147
   0.0004616
   0.0001607
  -0.0002250
   0.0003650
   0.0000498
   0.0001783
   0.0002473
   0.0003244
   0.0000128
   0.0000948
  -0.0000632
  -0.0042350
  -0.0033503
  -0.0001409
  -0.0016997
   0.0008447
  -0.0005383
  -0.0009096
  -0.0008704
   0.0003022
   0.0004014
   0.0008400
   0.0002936
   0.0000866
   0.0000321
   0.0000560
  -0.0000960
   0.0035281
  -0.0024125
  -0.0002885
   0.0000572
  -0.0003154
  -0.0008356
  -0.0002157
   0.0006038
  -0.0001045
  -0.0003168
   0.0002688
   0.0006498
  -0.0003092
   0.0001004
   0.0000546
  -0.0008881
  -0.0004634
  -0.0006140
  -0.0001037
   0.0002470
  -0.0002151
  -0.0011166
   0.0028321
   0.0022384
  -0.0015270
  -0.0008170
  -0.0005865
  -0.0000322
   0.0001420
   0.0003569
   0.0001707
   0.0004243
  -0.0002275
  -0.0000067
  -0.0002774
  -0.0001966
  -0.0054558
   0.0022068
   0.0039486
   0.0014602
  -0.0000108
  -0.0005577
  -0.0000412
   0.0006751
  -0.0001677
   0.0001563
  -0.0001216
  -0.0002621
  -0.0003590
  -0.0000949
  -0.0000271
   0.0005336
   0.0001080
   0.0000170
   0.0004556
   0.0008649
   0.0008568
   0.0003975
  -0.0006893
  -0.0010085
   0.0011553
   0.0001604
  -0.0004628
  -0.0004430
  -0.0003727
  -0.0002541
   0.0001169
   0.0000237
   0.0003254
   0.0006522
   0.0001435
  -0.0003589
   0.0022613
  -0.0005796
  -0.0018515
  -0.0006121
  -0.0017616
  -0.0007654
   0.0010218
   0.0003971
  -0.0004380
   0.0001843
   0.0006203
  -0.0000950
   0.0000027
   0.0001514
   0.0002009
  -0.0002725
  -0.0003351
   0.0020720
  -0.0009359
   0.0037492
  -0.0016877
   0.0004123
   0.0000625
  -0.0004374
  -0.0001403
   0.0003736
   0.0001845
  -0.0000788
   0.0003873
   0.0002052
  -0.0002979
  -0.0051248
  -0.0023853
  -0.0016905
   0.0026687
  -0.0001422
   0.0000085
   0.0003676
   0.0002375
   0.0003939
   0.0000692
  -0.0003388
   0.0000321
  -0.0001305
  -0.0008604
  -0.0029877
  -0.0009558
   0.0001586
   0.0010119
   0.0013073
   0.0008254
   0.0006897
  -0.0003827
   0.0000347
   0.0000968
   0.0002637
   0.0002649
   0.0006750
   0.0000519
  -0.0035514
  -0.0034929
  -0.0006957
   0.0000139
   0.0000728
   0.0003141
   0.0003905
   0.0000478
   0.0002599
   0.0004138
  -0.0033914
  -0.0095072
   0.0016394
  -0.0014937
  -0.0012070
  -0.0004315
  -0.0008738
  -0.0010090
   0.0001126
   0.0004203
   0.0006180
   0.0008525
   0.0000757
  -0.0038899
   0.0071826
   0.0039594
  -0.0001270
   0.0005758
  -0.0004802
   0.0004023
   0.0005052
   0.0004711
   0.0005472
   0.0004572
   0.0009540
  -0.0026873
  -0.0012541
  -0.0020288
  -0.0000613
  -0.0023904
  -0.0006545
  -0.0003458
  -0.0003457
  -0.0002064
   0.0000681
  -0.0007509
  -0.0036270
  -0.0016901
   0.0039124
  -0.0009412
  -0.0008800
  -0.0001951
   0.0001338
   0.0003461
   0.0010217
   0.0003000
  -0.0031076
  -0.0003562
  -0.0044022
  -0.0025494
  -0.0008512
  -0.0006249
  -0.0007087
   0.0012304
   0.0013509
   0.0073508
   0.0011408
   0.0012326
   0.0000240
   0.0004642
  -0.0013740
  -0.0008089
   0.0016750
  -0.0058863
   0.0000694
  -0.0004261
   0.0032501
  -0.0003259
   0.0012093
   0.0027997
  -0.0021369
   0.0003359
   0.0087710
   0.0019742
   0.0034012
   0.0018080
   0.0043094
  -0.0039082
   0.0073189
   0.0062181
   0.0044998
   0.0046162
   0.0126211
   0.0081301
   0.0037390
   0.0225621
   0.0271685
   0.0228673
   0.0134110
   0.0237315
   0.0062497
