2.263
0.679
1.637
1.513
1.372
1.479
1.057
1.229
1.887
1.351
1.041
1.952
0.908
1.339
1.278
1.037
1.244
1.104
0.970
1.319
0.861
1.208
1.472
0.682
2.008
1.070
1.711
0.947
1.310
1.526
1.137
1.125
1.268
1.190
0.616
1.228
1.559
1.267
1.516
2.081
1.417
1.381
1.091
1.332
1.776
0.869
1.097
1.155
1.499
0.605
1.549
1.547
1.801
1.590
1.117
1.512
1.104
0.713
1.604
0.898
1.578
1.190
0.626
1.525
1.958
0.537
0.643
1.906
1.951
0.518
1.457
1.868
1.331
1.114
1.137
1.070
1.810
1.288
1.404
1.020
1.709
2.027
1.302
1.095
0.702
1.695
0.690
1.839
0.998
1.085
1.249
0.747
1.440
0.664
1.881
1.561
0.695
1.138
2.007
0.490
1.662
1.410
0.999
1.178
1.589
1.490
0.954
0.998
1.899
0.887
0.934
0.891
1.352
1.559
1.520
1.532
1.574
1.620
1.463
1.113
1.315
1.468
1.550
1.601
1.156
1.556
1.909
0.598
1.560
1.065
0.710
1.250
1.558
1.500
1.286
1.120
1.522
1.547
1.553
1.561
1.566
2.091
1.011
1.322
1.347
1.332
1.235
0.837
1.208
1.701
1.591
1.561
1.653
1.431
1.119
1.255
2.027
0.981
1.822
1.070
2.196
0.910
2.208
2.019
1.008
2.225
1.660
0.693
1.060
1.265
0.732
1.211
1.526
