2.263
0.676
1.634
1.508
1.373
1.476
1.056
1.226
1.893
1.348
1.043
1.957
0.907
1.342
1.281
1.037
1.249
1.104
0.972
1.320
0.864
1.212
1.474
0.681
2.002
1.069
1.711
0.946
1.309
1.522
1.139
1.122
1.266
1.188
0.620
1.218
1.558
1.256
1.518
2.078
1.409
1.375
1.092
1.332
1.778
0.873
1.094
1.156
1.503
0.607
1.551
1.552
1.794
1.596
1.114
1.518
1.104
0.714
1.603
0.897
1.580
1.184
0.621
1.529
1.955
0.535
0.642
1.919
1.951
0.516
1.459
1.870
1.327
1.116
1.135
1.072
1.805
1.286
1.406
1.020
1.705
2.022
1.296
1.096
0.702
1.689
0.691
1.838
1.001
1.085
1.246
0.749
1.440
0.665
1.880
1.564
0.693
1.135
2.009
0.490
1.659
1.405
0.998
1.177
1.581
1.485
0.974
1.034
2.021
0.988
1.051
0.804
1.167
1.366
1.462
1.498
1.661
1.203
1.500
1.897
0.613
1.510
1.132
0.686
1.159
1.609
1.481
1.239
1.155
1.488
1.558
1.545
1.568
1.567
2.079
1.023
1.295
1.306
1.362
1.239
0.839
1.183
1.682
1.587
1.555
1.636
1.429
1.107
1.196
2.030
0.973
1.673
1.156
1.992
0.948
2.246
1.908
1.060
2.156
1.610
0.697
1.094
1.233
0.729
1.235
1.535
