2.263
0.679
1.635
1.514
1.376
1.480
1.059
1.224
1.890
1.352
1.043
1.955
0.908
1.343
1.278
1.038
1.249
1.104
0.973
1.322
0.861
1.209
1.475
0.680
2.005
1.069
1.710
0.949
1.306
1.524
1.138
1.122
1.273
1.190
0.618
1.225
1.572
1.260
1.522
2.079
1.409
1.380
1.096
1.331
1.779
0.868
1.097
1.156
1.497
0.609
1.553
1.551
1.799
1.599
1.115
1.514
1.103
0.718
1.594
0.897
1.583
1.188
0.624
1.522
1.967
0.533
0.643
1.909
1.955
0.515
1.462
1.868
1.331
1.114
1.134
1.072
1.807
1.289
1.402
1.019
1.706
2.022
1.294
1.094
0.702
1.689
0.692
1.840
0.999
1.081
1.246
0.748
1.442
0.667
1.872
1.565
0.693
1.139
2.002
0.492
1.662
1.405
0.994
1.178
1.586
1.486
0.949
1.002
1.911
0.884
0.935
0.893
1.357
1.554
1.517
1.528
1.563
1.525
1.547
1.569
1.529
1.551
1.565
1.526
1.542
1.573
1.533
1.556
1.576
1.624
1.469
1.114
1.320
1.471
1.547
1.604
1.156
1.556
1.911
0.598
1.560
1.075
0.711
1.252
1.558
1.504
1.280
1.125
1.522
1.546
1.552
1.561
1.568
2.094
1.005
1.321
1.345
1.333
1.234
0.836
1.207
1.699
1.599
1.551
1.655
1.426
1.118
1.256
2.019
0.983
1.819
1.075
2.199
0.911
2.202
2.023
1.010
2.221
1.661
0.696
1.057
1.271
0.731
1.214
1.530
