2.268
0.679
1.637
1.517
1.377
1.477
1.061
1.228
1.889
1.355
1.038
1.955
0.909
1.339
1.279
1.035
1.243
1.105
0.971
1.318
0.865
1.208
1.468
0.680
2.006
1.074
1.708
0.950
1.308
1.524
1.138
1.123
1.268
1.184
0.621
1.220
1.569
1.258
1.519
2.083
1.410
1.378
1.098
1.328
1.777
0.872
1.099
1.153
1.502
0.602
1.555
1.546
1.800
1.597
1.115
1.513
1.106
0.713
1.605
0.894
1.582
1.185
0.621
1.524
1.958
0.535
0.639
1.911
1.954
0.517
1.459
1.868
1.333
1.113
1.134
1.072
1.811
1.284
1.406
1.019
1.706
2.025
1.292
1.100
0.700
1.694
0.691
1.844
0.999
1.086
1.244
0.746
1.447
0.665
1.878
1.559
0.689
1.140
2.003
0.488
1.662
1.405
0.999
1.177
1.584
1.486
0.953
1.004
1.902
0.886
0.936
0.887
1.362
1.558
1.513
1.523
1.566
1.520
1.543
1.567
1.538
1.552
1.582
1.624
1.467
1.119
1.314
1.470
1.550
1.606
1.153
1.559
1.909
0.601
1.558
1.078
0.707
1.255
1.552
1.504
1.283
1.119
1.521
1.546
1.554
1.567
1.565
2.100
1.009
1.317
1.351
1.338
1.236
0.838
1.209
1.706
1.595
1.557
1.655
1.430
1.123
1.251
2.018
0.983
1.812
1.077
2.195
0.911
2.209
2.018
1.010
2.221
1.665
0.692
1.055
1.272
0.733
1.214
1.526
